#SEC	GET	PUT	SEEK
0	208744	1240608	44650
1	223871	1325230	47872
2	203716	1208511	43469
3	152664	901934	32732
4	187428	1110784	40239
5	265474	1574152	57242
6	255749	1518435	54958
7	214647	1270553	45845
8	193840	1147025	41901
9	215548	1275420	45804
10	241264	1424465	51961
11	217067	1284478	46438
12	186774	1105968	39624
13	212369	1258587	44956
14	198776	1175319	42633
15	150615	892811	32423
16	181265	1073686	38711
17	290218	1721339	62214
18	230132	1369598	49134
19	281385	1668465	60633
20	225693	1330583	48112
21	214356	1267665	45403
22	247283	1464763	53213
23	200292	1186055	43057
24	207762	1230484	44441
25	208910	1241166	45004
26	188326	1115710	40603
27	149605	886159	32172
28	218762	1295955	46953
29	250331	1482405	53674
30	229835	1363991	49214
31	250901	1490654	53589
32	226361	1338207	48461
33	208893	1235063	44591
34	253849	1503774	54328
35	198312	1174869	42296
36	185344	1100901	39850
37	207286	1225975	44641
38	198479	1175812	42933
39	149795	890637	32105
40	202719	1201225	43674
41	232783	1377043	49681
42	232027	1373017	49356
43	309341	1834915	66390
44	239464	1416091	51452
45	258566	1532519	55667
46	234681	1394224	50705
47	185989	1101710	40053
48	219925	1301756	46471
49	205809	1217971	44040
50	170940	1010710	36541
51	161755	958907	34844
52	233848	1386245	50623
53	261226	1545108	56070
54	232945	1380016	49864
55	279222	1654781	59383
56	216973	1283388	46275
57	241339	1436812	52265
58	244065	1445779	52264
59	194138	1152102	41669
60	202327	1194795	43382
61	195187	1155015	42001
62	155756	923883	33376
63	181554	1079407	39002
64	251252	1488325	53379
65	229914	1368118	49621
66	279216	1651100	59564
67	275781	1638355	59021
68	230501	1365820	49070
69	253598	1499914	54448
70	201194	1189735	43265
71	207741	1233669	45206
72	210500	1248321	45003
73	186998	1109769	40248
74	151555	903858	32882
75	220242	1310877	47419
76	243250	1442718	52527
77	220989	1314190	47656
78	288367	1712406	62112
79	241002	1427390	51438
80	237269	1409217	50705
81	240589	1427890	51844
82	188464	1116337	40478
83	215379	1278295	46098
84	202191	1195592	43323
85	173565	1028074	37323
86	162671	966044	34919
87	248791	1474768	53497
88	259884	1539395	55887
89	269557	1599344	57321
90	275199	1630250	59034
91	223438	1327397	48137
92	253345	1500915	53829
93	226141	1345014	48894
94	198342	1172898	42176
95	210675	1250160	45434
96	196779	1168060	42110
97	153098	906913	32871
98	204029	1211129	44012
99	255699	1512370	55100
100	249475	1473420	53180
101	272510	1615716	58505
102	236439	1401660	50671
103	249921	1481366	53683
104	234842	1391703	50300
105	190556	1129192	41052
106	228906	1356584	49086
107	203362	1205077	43361
108	180797	1070693	38407
109	162309	962234	34770
110	236638	1407278	50593
111	238787	1415343	50744
112	233294	1381398	49905
113	261133	1549573	55933
114	224584	1329531	47993
115	247392	1465871	52818
116	243098	1441400	52053
117	183231	1085284	39334
118	219807	1300673	47369
119	201402	1194591	43204
120	160446	955822	34762
121	168369	1005271	36823
122	280037	1658681	59585
123	269879	1601137	57997
124	280945	1663206	59857
125	254707	1515875	54781
126	245090	1455354	52777
127	223463	1322483	47813
128	187624	1114832	40169
129	219413	1299221	46786
130	215658	1273501	46086
131	185955	1101389	39995
132	153301	902622	32785
133	234720	1387671	49984
134	263765	1557394	55625
135	256984	1524567	55059
136	283127	1674063	60319
137	226272	1346788	48788
138	259788	1539856	55386
139	233425	1388121	49834
140	195797	1157581	41526
141	214843	1275345	46394
142	197778	1171482	42332
143	159043	942047	34012
144	207344	1222601	44553
145	263813	1563996	56499
146	255442	1522572	54796
147	268027	1587583	57564
148	242644	1438953	52101
149	255723	1512665	54863
150	229254	1349733	48774
151	195436	1154468	41710
152	229761	1358690	49511
153	203793	1209983	44041
154	175733	1042824	37657
155	169994	1008445	36632
156	238995	1417974	51105
157	255079	1516281	54479
158	271329	1606036	58205
159	254730	1514668	54657
160	221730	1311379	47486
161	259728	1538320	55487
162	226464	1342026	48314
163	190546	1129278	40631
164	214068	1265058	45759
165	197278	1171013	42109
166	152344	900614	32753
167	200931	1194175	43421
168	238899	1419711	51158
169	216414	1283569	46662
170	271522	1610833	58585
171	270976	1606464	58306
172	237955	1408993	50451
173	249302	1480405	53540
174	192596	1139046	41150
175	224703	1335492	48660
176	207539	1230687	44895
177	182208	1084737	38918
178	156691	928606	33578
179	226814	1346713	48901
180	257786	1520143	54633
181	240521	1428854	51442
182	286402	1699592	61713
183	214766	1276113	45749
184	263531	1563808	56650
185	237333	1400565	50719
186	185577	1100109	40133
187	219127	1296892	47114
188	195698	1162174	42120
189	157527	931014	33886
190	178431	1059265	38428
191	260349	1548107	55969
192	230951	1371233	49789
193	267722	1584379	57391
194	286486	1693340	61143
195	228813	1360830	49055
196	257881	1528917	55343
197	201571	1194905	43394
198	214751	1272317	45769
199	213918	1267218	46075
200	179287	1062949	38132
201	159426	947852	34398
202	212489	1258660	45690
203	269745	1594690	57486
204	249712	1476408	53157
205	289246	1717844	62118
206	228254	1351089	48744
207	255329	1508145	54264
208	240891	1422744	51202
209	185820	1101740	39762
210	221828	1315480	47350
211	195800	1164970	41831
212	156636	926209	33395
213	183668	1093972	39198
214	247420	1467989	52981
215	225651	1334942	48402
216	221773	1317686	47648
217	253575	1503924	54688
218	210932	1251774	45274
219	249344	1480025	53269
220	232813	1377930	49512
221	187924	1115437	40236
222	210682	1249983	45481
223	190574	1130220	40839
224	163218	969021	34973
225	176037	1041346	37671
226	245043	1454786	52579
227	244407	1446358	52314
228	273254	1618900	58407
229	269555	1599338	57701
230	221736	1316472	48004
231	245092	1452212	52060
232	216987	1282764	46562
233	210927	1252680	45244
234	212626	1261381	45740
235	193537	1145928	41300
236	158428	935083	34140
237	225154	1334153	48089
238	251085	1489857	54083
239	244383	1447126	52038
240	302531	1788898	65129
241	225948	1339352	48652
242	260935	1542558	55736
243	237150	1405617	50853
244	184733	1092701	39679
245	218664	1295267	46755
246	193157	1147242	41514
247	160403	945479	34170
248	181168	1073259	38342
249	264161	1563485	56198
250	234660	1391813	50472
251	268449	1597503	58002
252	34150	202581	7410
